date,shards-total,shards-successful,shards-failed,total-store,chunks-latest,chunks,coordinates-latest,coordinates,meta
2019-02-16T12:38:43.032Z,50,25,0,2440812,813961,1122910,128308,363374,12259
2019-02-16T12:48:43.098Z,50,25,0,3943760,785097,1590394,128365,1433091,6813
2019-02-16T12:58:43.184Z,50,25,0,7037392,881380,2169171,133873,3846155,6813
2019-02-16T13:08:43.209Z,50,25,0,7290259,784819,2768076,128371,3602180,6813
2019-02-16T13:15:24.991Z,50,25,0,8650994,914694,3224390,128370,4376727,6813
2019-02-16T13:20:25.057Z,50,25,0,8886491,745552,3350303,128368,4655455,6813
2019-02-16T13:25:25.106Z,50,25,0,17809934,1417284,6775275,257036,9353526,6813
2019-02-16T13:30:25.203Z,50,25,0,19791025,1673624,6988112,257042,10865434,6813
2019-02-16T13:35:25.200Z,50,25,0,19537092,1551534,7289458,257044,10432243,6813
2019-02-16T13:40:25.223Z,50,25,0,21576713,1561934,7540972,257039,12209955,6813
2019-02-16T13:45:25.134Z,50,25,0,22480599,1521195,7884170,257040,12811381,6813
2019-02-16T13:50:25.156Z,50,25,0,21978516,1560549,8124507,257034,12029613,6813
2019-02-16T13:55:25.146Z,50,25,0,22721888,1472337,8475687,257034,12510017,6813
2019-02-16T14:00:25.164Z,50,25,0,26342875,1516917,8741189,257041,15820915,6813
2019-02-16T14:05:25.149Z,50,25,0,26291588,1524234,8999686,263321,15497534,6813
2019-02-16T14:10:25.146Z,50,25,0,29040180,1537500,9304578,262551,17928738,6813
2019-02-16T14:15:25.208Z,50,25,0,32149431,1697118,13430413,257044,16758043,6813
2019-02-16T14:20:25.151Z,50,25,0,26926063,1493752,9915121,257044,15253333,6813
2019-02-16T14:25:25.152Z,50,25,0,31285568,1530594,10221246,257039,19269876,6813
2019-02-16T14:30:25.243Z,50,25,0,28576296,1558754,10468067,257043,16285619,6813
2019-02-16T14:35:25.324Z,50,25,0,33381014,1555074,12254686,257040,19307401,6813
2019-02-16T14:40:25.216Z,50,25,0,32758766,1523072,11011088,257058,19960735,6813
2019-02-16T14:45:25.229Z,50,25,0,33760149,1584721,11320819,257055,20590741,6813
2019-02-16T14:50:25.255Z,50,25,0,40133399,1466772,11658579,257066,26744169,6813
2019-02-16T14:55:25.234Z,50,25,0,32755801,1515767,11961754,257065,19014402,6813
2019-02-16T15:00:25.254Z,50,25,0,33593705,1491675,12258487,257064,19579666,6813
2019-02-16T15:05:25.232Z,50,25,0,40500962,1538601,12495701,257065,26202782,6813
2019-02-16T15:10:25.235Z,50,25,0,38479732,1523361,12870828,257060,23821670,6813
2019-02-16T15:15:25.241Z,50,25,0,42617617,1508721,13104430,257069,27740584,6813
2019-02-16T15:20:25.275Z,50,25,0,40285904,1542696,13411169,257060,25068166,6813
2019-02-16T15:25:25.323Z,50,25,0,49170486,1853874,17816237,257063,29236499,6813
2019-02-16T15:30:25.287Z,50,25,0,52960263,1539540,13991773,257060,37165077,6813
2019-02-16T15:35:25.286Z,50,25,0,50468046,1486743,14294027,257058,34423405,6813
2019-02-16T15:40:25.338Z,50,25,0,47797675,1523731,14582880,257063,31427188,6813
2019-02-16T15:45:25.341Z,50,25,0,41292335,1539637,14776677,257058,24712150,6813
2019-02-16T15:50:25.415Z,50,25,0,44488342,1561703,15088645,262567,27568614,6813
2019-02-16T15:55:25.236Z,50,25,0,54078690,1573807,15395654,257057,36845359,6813
2019-02-16T16:00:25.227Z,50,25,0,55222284,1485303,15704679,268548,37756941,6813
2019-02-16T16:05:25.238Z,50,25,0,47712936,1474741,15899567,262582,30069233,6813
2019-02-16T16:10:25.242Z,50,25,0,50682339,1418718,16269950,262581,32724277,6813
2019-02-16T16:15:25.250Z,50,25,0,57487073,1543009,16522958,262586,39151707,6813
2019-02-16T16:20:25.286Z,50,25,0,55177722,1525212,16816253,257080,36572364,6813
2019-02-16T16:25:25.242Z,50,25,0,47388274,1466371,17122977,257079,28535034,6813
2019-02-16T16:30:25.400Z,50,25,0,58979390,1544396,18274079,257077,38897025,6813
2019-02-16T16:35:25.339Z,50,25,0,53998684,1443599,17707166,257073,34584033,6813
2019-02-16T16:40:25.325Z,50,25,0,55295280,1691194,18066026,257068,35274179,6813
2019-02-16T16:45:25.361Z,50,25,0,61167050,1573403,18216738,257071,41113025,6813
2019-02-16T16:50:25.342Z,50,25,0,67447685,1530785,18510088,257075,47142924,6813
2019-02-16T16:55:25.691Z,50,25,0,73997720,1533885,20984937,262581,51209504,6813
2019-02-16T17:00:25.393Z,50,25,0,69478438,1508346,19132336,257077,48573866,6813
2019-02-16T17:05:25.339Z,50,25,0,65355892,1684926,19305927,257072,44101154,6813
2019-02-16T17:10:25.351Z,50,25,0,66102925,1496491,19579046,257106,44763469,6813
2019-02-16T17:15:25.378Z,50,25,0,73040463,1574177,19857459,257106,51344908,6813
2019-02-16T17:20:25.414Z,50,25,0,56391864,1482247,20210205,257103,34435496,6813
2019-02-16T17:25:25.284Z,50,25,0,82909607,1536565,26753892,262605,54349732,6813
2019-02-16T17:30:25.282Z,50,25,0,82163931,1514243,26601422,257096,53784357,6813
2019-02-16T17:35:25.298Z,50,25,0,76621813,1505371,27571386,257101,47281142,6813
2019-02-16T17:40:25.286Z,50,25,0,77963047,1498194,26966517,257097,49234426,6813
2019-02-16T17:45:25.293Z,50,25,0,83308060,1559626,28462324,257096,53022201,6813
2019-02-16T17:50:25.426Z,50,25,0,66374883,1471806,21872939,268972,42754353,6813
2019-02-16T17:55:25.577Z,50,25,0,79502133,1520884,22124743,268122,55581571,6813
2019-02-16T18:00:25.542Z,50,25,0,73069037,1539503,22533360,269033,48720328,6813
2019-02-16T18:05:25.565Z,50,25,0,79967270,1462158,22661049,257100,55580150,6813
2019-02-16T18:10:25.570Z,50,25,0,79493208,1754604,22965927,257098,54508766,6813
2019-02-16T18:15:25.416Z,50,25,0,72383290,1480532,23262663,257102,47376180,6813
2019-02-16T18:20:25.650Z,50,25,0,87753627,1443876,23566983,273638,62462317,6813
2019-02-16T18:25:25.657Z,50,25,0,86067226,1501939,27607255,257103,56694116,6813
2019-02-16T18:30:25.548Z,50,25,0,78972341,1556614,24165220,257102,52986592,6813
2019-02-16T18:35:25.769Z,50,25,0,83347069,1547121,24501153,257091,57034891,6813
2019-02-16T18:40:25.386Z,50,25,0,92281431,1537464,24700005,257098,65780051,6813
2019-02-16T18:45:25.371Z,50,25,0,89934265,1508679,33791434,267583,54359756,6813
2019-02-16T18:50:25.448Z,50,25,0,85237077,1710095,34111260,262612,49146297,6813
2019-02-16T18:55:25.385Z,50,25,0,89102577,1551988,30083429,262605,57197742,6813
2019-02-16T19:00:25.374Z,50,25,0,85588107,1726318,25877243,263471,57714262,6813
2019-02-16T19:05:25.459Z,50,25,0,89930533,1565667,26217370,257102,61883581,6813
2019-02-16T19:10:25.536Z,50,25,0,88740779,1533738,26512440,257102,60430686,6813
2019-02-16T19:15:25.683Z,50,25,0,102396223,1508936,31049608,262616,69568250,6813
2019-02-16T19:20:25.608Z,50,25,0,99261824,1768253,27049226,257105,70180427,6813
2019-02-16T19:25:25.560Z,50,25,0,85019445,1657227,27358290,257487,55739628,6813
2019-02-16T19:30:25.578Z,50,25,0,95015638,1479805,27643919,257097,65628004,6813
2019-02-16T19:35:25.610Z,50,25,0,82601201,1616960,27952022,257097,52768309,6813
2019-02-16T19:40:25.689Z,50,25,0,100140150,1529311,28106519,257097,70240410,6813
2019-02-16T19:45:25.646Z,50,25,0,113357498,1546447,28470080,268122,83066036,6813
2019-02-16T19:50:25.424Z,50,25,0,112001646,1493617,28739503,257095,81504618,6813
2019-02-16T19:55:25.436Z,50,25,0,112647288,1614258,29048060,262687,81715470,6813
2019-02-16T20:00:25.448Z,50,25,0,111291078,1515952,29294021,257103,80217189,6813
2019-02-16T20:05:25.612Z,50,25,0,97323284,1462451,29543657,257099,66053264,6813
2019-02-16T20:10:25.625Z,50,25,0,101432917,1518759,29877856,257096,69772393,6813
2019-02-16T20:15:25.777Z,50,25,0,105770767,1588987,30152701,268116,73754150,6813
2019-02-16T20:20:25.767Z,50,25,0,108790533,1492558,39824799,263467,67202896,6813
2019-02-16T20:25:25.689Z,50,25,0,102941080,1488482,30756613,262613,70426559,6813
2019-02-16T20:30:26.462Z,50,25,0,114578402,1556061,42160604,262619,70592305,6813
2019-02-16T20:35:25.567Z,50,25,0,88087443,1474731,31272267,257098,55076534,6813
2019-02-16T20:40:25.810Z,50,25,0,116225984,1470879,31577312,263458,82907522,6813
2019-02-16T20:45:25.706Z,50,25,0,126877787,1583543,36136752,257095,88893584,6813
2019-02-16T20:50:25.673Z,50,25,0,131196500,1488648,32164431,257103,97279505,6813
2019-02-16T20:55:25.695Z,50,25,0,112199655,1512611,32468489,257103,77954639,6813
2019-02-16T21:00:25.469Z,50,25,0,125318858,1536783,38589186,257094,84928982,6813
2019-02-16T21:05:25.473Z,50,25,0,127890290,1492338,33015895,263458,93111786,6813
2019-02-16T21:10:25.501Z,50,25,0,139328424,1549645,33191923,257095,104322948,6813
2019-02-16T21:15:25.667Z,50,25,0,120757113,1500972,33604878,257102,85387348,6813
2019-02-16T21:20:25.870Z,50,25,0,122249160,1555733,33824562,257100,86604952,6813
2019-02-16T21:25:25.817Z,50,25,0,123864924,1516887,34094775,257105,87989344,6813
2019-02-16T21:30:25.931Z,50,25,0,143750139,1554165,40634333,257103,101297725,6813
2019-02-16T21:35:25.856Z,50,25,0,136276445,1509832,34711142,257097,99791561,6813
2019-02-16T21:40:25.864Z,50,25,0,126253263,1532386,34986113,257099,89470852,6813
2019-02-16T21:45:25.707Z,50,25,0,135225040,1760170,47984933,263077,85210047,6813
2019-02-16T21:50:25.814Z,50,25,0,130166616,1543295,35435028,262615,92918865,6813
2019-02-16T21:55:25.490Z,50,25,0,148050552,1526541,35684598,257100,110575500,6813
2019-02-16T22:00:25.496Z,50,25,0,126858128,1547226,36056402,257097,88990590,6813
2019-02-16T22:05:25.504Z,50,25,0,150085604,1509867,53224192,268977,95075755,6813
2019-02-16T22:10:25.753Z,50,25,0,148902837,1540821,48060364,257104,99037735,6813
2019-02-16T22:15:25.873Z,50,25,0,139369052,1517048,36799165,272571,100773455,6813
2019-02-16T22:20:25.913Z,50,25,0,147297241,1566811,37159761,257101,108306755,6813
2019-02-16T22:25:25.828Z,50,25,0,155170767,1515322,44844573,262618,108541441,6813
2019-02-16T22:30:25.768Z,50,25,0,133937536,1558481,37644872,257102,94470268,6813
2019-02-16T22:35:25.815Z,50,25,0,155387402,1470853,44895377,257098,108757261,6813
2019-02-16T22:40:25.970Z,50,25,0,146634090,1709032,38228851,274966,106414428,6813
2019-02-16T22:45:25.549Z,50,25,0,152190616,1520143,38470128,257103,111936429,6813
2019-02-16T22:50:25.515Z,50,25,0,165684588,1478746,38658102,263465,125277462,6813
2019-02-16T22:55:25.501Z,50,25,0,153361248,1528359,39052901,257093,112516082,6813
2019-02-16T23:00:25.599Z,50,25,0,156839116,1571456,39245695,257096,115758056,6813
2019-02-16T23:05:25.799Z,50,25,0,136258143,1517308,39452037,262612,95019373,6813
2019-02-16T23:10:26.065Z,50,25,0,166216513,1479968,64792983,269830,99666919,6813
2019-02-16T23:15:25.958Z,50,25,0,166702112,1507491,40048626,257100,124882082,6813
2019-02-16T23:20:26.474Z,50,25,0,146761380,1530513,40278381,268976,104676697,6813
2019-02-16T23:25:25.868Z,50,25,0,148270359,1461175,40561706,264572,105976093,6813
2019-02-16T23:30:25.861Z,50,25,0,183524646,1513188,48380582,265806,133358257,6813
2019-02-16T23:35:25.587Z,50,25,0,189146801,1527933,54808210,257099,132546746,6813
2019-02-16T23:40:25.567Z,50,25,0,154790106,1486661,48926518,257241,104112873,6813
2019-02-16T23:45:25.720Z,50,25,0,166310527,1481106,41545067,257100,123020441,6813
2019-02-16T23:50:25.700Z,50,25,0,164359992,1531328,41749682,257100,120815069,6813
2019-02-16T23:55:26.035Z,50,25,0,179014329,1470330,57604634,263068,119669484,6813
2019-02-17T00:00:26.113Z,50,25,0,183707689,1619449,42240665,257101,139583661,6813
2019-02-17T00:05:26.019Z,50,25,0,163869132,1675074,42479262,257098,119450885,6813
2019-02-17T00:10:25.983Z,50,25,0,167105950,1474281,58530796,274128,106819932,6813
2019-02-17T00:15:26.176Z,50,25,0,177227603,1564371,42951544,257099,132447776,6813
2019-02-17T00:20:26.146Z,50,25,0,178119927,1522194,59167090,268974,117154856,6813
2019-02-17T00:25:25.706Z,50,25,0,157173558,1584318,43392144,257098,111933185,6813
2019-02-17T00:30:25.720Z,50,25,0,183282743,1530727,63128258,257099,118359846,6813
2019-02-17T00:35:25.715Z,50,25,0,175696188,1563171,51943532,266050,121916622,6813
2019-02-17T00:40:25.890Z,50,25,0,155171092,1553004,44066615,268969,109275691,6813
2019-02-17T00:45:26.064Z,50,25,0,179783508,1479851,60648594,257097,117391153,6813
2019-02-17T00:50:26.271Z,50,25,0,198484143,1547333,50523099,261298,146145600,6813
2019-02-17T00:55:26.085Z,50,25,0,170119435,1502231,44764103,263463,123582825,6813
2019-02-17T01:00:26.072Z,50,25,0,182349073,1515677,53282419,273704,127270460,6813
2019-02-17T01:05:26.130Z,50,25,0,203169915,1534960,45099893,257098,156271151,6813
2019-02-17T01:10:26.055Z,50,25,0,189135928,1467848,45395917,257092,142008258,6813
2019-02-17T01:15:25.879Z,50,25,0,216554586,1542460,66278791,265889,148460633,6813
2019-02-17T01:20:25.742Z,50,25,0,184233254,1485772,45808303,257096,136675270,6813
2019-02-17T01:25:25.773Z,50,25,0,175249196,1458775,45882208,262694,127638706,6813
2019-02-17T01:30:26.079Z,50,25,0,180699944,1516745,46134938,257098,132784350,6813
2019-02-17T01:35:26.122Z,50,25,0,212819434,1452371,55092352,257101,156010797,6813
2019-02-17T01:40:26.068Z,50,25,0,205692956,1526076,46658528,257101,157244438,6813
2019-02-17T01:45:26.119Z,50,25,0,187922860,1472892,46779542,262611,139401002,6813
2019-02-17T01:50:25.922Z,50,25,0,169473339,1521652,55666013,257103,112021758,6813
2019-02-17T01:55:26.087Z,50,25,0,216696412,1472063,47241468,257105,167718963,6813
2019-02-17T02:00:25.749Z,50,25,0,198395887,1487667,47489441,257106,149154860,6813
2019-02-17T02:05:25.765Z,50,25,0,192036840,1499478,47661296,257103,142612150,6813
2019-02-17T02:10:25.904Z,50,25,0,219294052,2049561,54061658,262607,162913413,6813
2019-02-17T02:15:26.172Z,50,25,0,218478238,1436477,73152337,257096,143625515,6813
2019-02-17T02:20:26.131Z,50,25,0,209906002,1576322,48161054,263460,159898353,6813
2019-02-17T02:25:26.105Z,50,25,0,185177542,1498981,48423943,259699,134988106,6813
2019-02-17T02:30:26.189Z,50,25,0,208962267,1655984,55117668,262614,151919188,6813
2019-02-17T02:35:26.282Z,50,25,0,192894579,1542875,48742406,263082,142339403,6813
2019-02-17T02:40:26.174Z,50,25,0,213813991,1573477,66144383,268131,145821187,6813
2019-02-17T02:45:26.005Z,50,25,0,220636823,1536251,49234696,257101,169601962,6813
2019-02-17T02:50:25.755Z,50,25,0,216164141,1719569,52667952,257100,161512707,6813
2019-02-17T02:55:25.760Z,50,25,0,231912899,1531697,58770227,259260,171344902,6813
2019-02-17T03:00:25.869Z,50,25,0,204326833,1509805,49816727,257096,152736392,6813
2019-02-17T03:05:26.080Z,50,25,0,195166343,1575614,50043006,257096,143283814,6813
2019-02-17T03:10:25.978Z,50,25,0,192100569,1535385,50098471,257092,140202808,6813
2019-02-17T03:15:26.048Z,50,25,0,211530512,1541337,50388184,258115,159336063,6813
2019-02-17T03:20:26.142Z,50,25,0,209541731,1505015,50602437,262606,157164860,6813
2019-02-17T03:25:25.947Z,50,25,0,180557471,1544750,50735554,257097,128013257,6813
2019-02-17T03:30:25.778Z,50,25,0,185584396,1559737,50890752,257477,132869617,6813
2019-02-17T03:35:25.770Z,50,25,0,161754920,1546109,60706638,257105,99238255,6813
2019-02-17T03:40:25.761Z,50,25,0,177371701,1462891,75859383,257109,99785505,6813
2019-02-17T03:45:25.769Z,50,25,0,183036110,1547409,80876582,262618,100342688,6813
2019-02-17T03:50:25.770Z,50,25,0,162361396,1473093,59722450,268130,100890910,6813
2019-02-17T03:55:25.775Z,50,25,0,155367579,1457056,52176933,280465,101446312,6813
2019-02-17T04:00:25.786Z,50,25,0,156321139,1472004,52507568,268838,102065916,6813
2019-02-17T04:05:25.877Z,50,25,0,158656829,1646298,52734517,263463,104005738,6813
2019-02-17T04:10:25.841Z,50,25,0,158810567,1510084,53002027,257098,104034545,6813
2019-02-17T04:15:25.878Z,50,25,0,158588278,1505864,53214566,257099,103603936,6813
2019-02-17T04:20:25.904Z,50,25,0,162685020,1490759,53468565,257087,107461796,6813
2019-02-17T04:25:25.855Z,50,25,0,160341243,1519496,53764599,257094,104793241,6813
2019-02-17T04:30:25.923Z,50,25,0,181644382,1674571,74376685,265456,105320857,6813
2019-02-17T04:35:25.852Z,50,25,0,164743404,1518382,54244645,257095,108716469,6813
2019-02-17T04:40:25.848Z,50,25,0,164247526,1539262,54533572,257104,107910775,6813
2019-02-17T04:45:25.954Z,50,25,0,165136185,1535899,54793707,257099,108542667,6813
2019-02-17T04:50:25.871Z,50,25,0,167841232,1538193,55036085,257098,111003043,6813
2019-02-17T04:55:25.907Z,50,25,0,170659161,1506273,55359308,279411,113507356,6813
2019-02-17T05:00:25.901Z,50,25,0,167841781,1479841,55624395,257101,110473631,6813
2019-02-17T05:05:25.870Z,50,25,0,172975985,1560832,55851906,257101,115299333,6813
2019-02-17T05:10:26.023Z,50,25,0,186778082,1550337,75199465,257106,109764361,6813
2019-02-17T05:15:25.865Z,50,25,0,168273407,1492936,56328158,257103,110188397,6813
2019-02-17T05:20:25.898Z,50,25,0,169187865,1480304,56676766,257099,110766883,6813
2019-02-17T05:25:25.800Z,50,25,0,179545678,1572828,66518133,257093,111190811,6813
2019-02-17T05:30:25.804Z,50,25,0,180428433,1529449,66807380,257102,111827689,6813
2019-02-17T05:35:25.804Z,50,25,0,171539240,1492742,57420895,257100,112361690,6813
2019-02-17T05:40:25.807Z,50,25,0,173135283,1518750,57640845,257093,113711782,6813
2019-02-17T05:45:25.800Z,50,25,0,174931986,1571212,57973682,263464,115116815,6813
2019-02-17T05:50:25.806Z,50,25,0,204362058,1773698,88347677,257091,113976779,6813
2019-02-17T05:55:25.830Z,50,25,0,205600739,1528174,89261784,257094,114546874,6813
2019-02-17T06:00:25.992Z,50,25,0,196909706,1689573,79777814,257099,115178407,6813
2019-02-17T06:05:25.874Z,50,25,0,177754521,1451769,59020510,257097,117018332,6813
2019-02-17T06:10:25.911Z,50,25,0,199720230,1571682,81667831,257101,116216803,6813
2019-02-17T06:15:25.881Z,50,25,0,178087437,1573458,59502202,257097,116747867,6813
2019-02-17T06:20:25.893Z,50,25,0,179026252,1536745,59837623,257100,117387971,6813
2019-02-17T06:25:25.936Z,50,25,0,191221228,1673750,71462743,257098,117820824,6813
2019-02-17T06:30:25.944Z,50,25,0,180554082,1466933,60299625,262801,118517910,6813
2019-02-17T06:35:25.968Z,50,25,0,204480439,1458950,83420399,257103,119337174,6813
2019-02-17T06:40:26.029Z,50,25,0,183641927,1555316,60750092,257103,121072603,6813
2019-02-17T06:45:26.099Z,50,25,0,188824186,1464085,61096097,268978,125988213,6813
2019-02-17T06:50:26.035Z,50,25,0,187522174,1477477,61318088,262619,124457177,6813
2019-02-17T06:55:26.032Z,50,25,0,188339120,1530143,61638261,263459,124900444,6813
2019-02-17T07:00:25.959Z,50,25,0,189519259,1563912,61874023,268128,125806383,6813
2019-02-17T07:05:26.100Z,50,25,0,191763324,1505521,62105182,262611,127883197,6813
2019-02-17T07:10:26.070Z,50,25,0,191375720,1425295,62372694,268973,127301945,6813
2019-02-17T07:15:25.900Z,50,25,0,214880939,1740485,86360159,257100,126516382,6813
2019-02-17T07:20:25.861Z,50,25,0,210563785,1703051,84863921,257098,123732902,6813
2019-02-17T07:25:25.853Z,50,25,0,219051057,1569155,87068174,257228,130149687,6813
2019-02-17T07:30:25.851Z,50,25,0,223909254,1863685,87588483,257099,134193174,6813
2019-02-17T07:35:25.844Z,50,25,0,196231856,1509012,63676745,257094,130782192,6813
2019-02-17T07:40:26.125Z,50,25,0,220575766,1725235,86177981,262607,132403130,6813
2019-02-17T07:45:25.985Z,50,25,0,200737160,1488326,64232521,257098,134752402,6813
2019-02-17T07:50:26.018Z,50,25,0,203437548,1495191,64571841,263462,137100241,6813
2019-02-17T07:55:26.042Z,50,25,0,223901188,1579872,94720445,264574,127329484,6813
2019-02-17T08:00:25.929Z,50,25,0,194555236,1560410,64999148,257106,127731759,6813
2019-02-17T08:05:25.916Z,50,25,0,195364992,1519944,65229349,257105,128351781,6813
2019-02-17T08:10:25.919Z,50,25,0,196247316,1525442,65615174,257099,128842788,6813
2019-02-17T08:15:25.957Z,50,25,0,196978404,1480094,65846356,257105,129388036,6813
2019-02-17T08:20:25.952Z,50,25,0,210657441,1740972,78740748,257105,129911803,6813
2019-02-17T08:25:25.995Z,50,25,0,198686682,1523039,66367054,257100,130532676,6813
2019-02-17T08:30:26.024Z,50,25,0,200348314,1500301,66641605,257095,131942500,6813
2019-02-17T08:35:25.974Z,50,25,0,200289643,1537588,66912808,257097,131575337,6813
2019-02-17T08:40:25.982Z,50,25,0,202068913,1508582,67214002,257094,133082422,6813
2019-02-17T08:45:25.886Z,50,25,0,235537169,1536557,99313010,263840,134416949,6813
2019-02-17T08:50:25.911Z,50,25,0,202877122,1575840,67759911,263456,133271102,6813
2019-02-17T08:55:25.866Z,50,25,0,232697558,1695972,96936817,257100,133800856,6813
2019-02-17T09:00:25.867Z,50,25,0,237763546,1576211,101539753,257105,134383664,6813
2019-02-17T09:05:25.880Z,50,25,0,243331332,1572054,106630444,257099,134864922,6813
2019-02-17T09:10:25.929Z,50,25,0,245184120,2036725,106325161,257094,136558327,6813
2019-02-17T09:15:26.062Z,50,25,0,214214551,1492754,69175151,265491,143274342,6813
2019-02-17T09:20:26.160Z,50,25,0,214897765,1525923,69336682,263464,143764883,6813
2019-02-17T09:25:26.102Z,50,25,0,220093013,1534463,79190195,263459,139098083,6813
2019-02-17T09:30:26.112Z,50,25,0,214639156,1495430,69839627,263464,143033822,6813
2019-02-17T09:35:26.113Z,50,25,0,253226191,1861829,110329673,268130,140759746,6813
2019-02-17T09:40:26.033Z,50,25,0,220435226,1535555,70472612,262614,148157632,6813
2019-02-17T09:45:26.045Z,50,25,0,221547913,1490378,70687479,257544,149105699,6813
2019-02-17T09:50:26.216Z,50,25,0,237543312,1543251,93408977,262615,142321656,6813
2019-02-17T09:55:25.961Z,50,25,0,216079043,1543148,71271724,257102,143000256,6813
2019-02-17T10:00:26.071Z,50,25,0,250019652,1719944,98831012,257102,149204781,6813
2019-02-17T10:05:25.899Z,50,25,0,243438197,1832306,98701104,257102,142640872,6813
2019-02-17T10:10:25.898Z,50,25,0,230613018,1675391,85827216,263457,142840141,6813
2019-02-17T10:15:25.891Z,50,25,0,260450325,1644644,113698725,268121,144832022,6813
2019-02-17T10:20:25.912Z,50,25,0,251790674,1830043,100327237,265893,149360688,6813
2019-02-17T10:25:25.900Z,50,25,0,224406038,1526079,72846313,264194,149762639,6813
2019-02-17T10:30:25.972Z,50,25,0,219013144,1514122,73219767,257093,144015349,6813
2019-02-17T10:35:25.985Z,50,25,0,219722693,1541710,73383413,257093,144533664,6813
2019-02-17T10:40:26.334Z,50,25,0,266957650,1581425,112766918,257096,152345398,6813
2019-02-17T10:45:25.974Z,50,25,0,228961420,1540670,74001443,257097,153155397,6813
2019-02-17T10:50:26.131Z,50,25,0,275421010,1520205,116745793,257101,156891098,6813
2019-02-17T10:55:26.069Z,50,25,0,223071268,1529550,74562462,257106,146715337,6813
2019-02-17T11:00:26.024Z,50,25,0,223697522,1476532,74786959,257107,147170111,6813
2019-02-17T11:05:26.257Z,50,25,0,257601553,1688245,102867356,257106,152782033,6813
2019-02-17T11:10:26.144Z,50,25,0,228553834,1484973,75282407,268130,151511511,6813
2019-02-17T11:15:26.272Z,50,25,0,235920838,1517070,75554046,268973,158573936,6813
2019-02-17T11:20:25.934Z,50,25,0,249785038,1507650,90437898,257101,157575576,6813
2019-02-17T11:25:25.919Z,50,25,0,279823965,1541270,119790146,257100,158228636,6813
2019-02-17T11:30:25.930Z,50,25,0,276348275,1684531,120219400,263075,154174456,6813
2019-02-17T11:35:25.981Z,50,25,0,252840164,1687516,91316714,257099,159572022,6813
2019-02-17T11:40:26.161Z,50,25,0,242121175,1536464,76896512,263456,163417930,6813
2019-02-17T11:45:26.488Z,50,25,0,256534592,1519572,89534031,264013,165210163,6813
2019-02-17T11:50:26.113Z,50,25,0,240444415,1539081,77443683,270799,161184039,6813
2019-02-17T11:55:26.072Z,50,25,0,247675894,1997434,92605771,257101,152808775,6813
2019-02-17T12:00:26.081Z,50,25,0,233266183,1472947,77956851,257102,153572470,6813
2019-02-17T12:05:26.048Z,50,25,0,233802916,1519352,78252842,257101,153766808,6813
2019-02-17T12:10:26.146Z,50,25,0,248165274,1543248,91976076,257095,154382042,6813
2019-02-17T12:15:26.072Z,50,25,0,235432046,1469433,78752029,257101,154946670,6813
2019-02-17T12:20:26.134Z,50,25,0,236446001,1634746,79021406,257095,155525941,6813
2019-02-17T12:25:26.051Z,50,25,0,237094487,1473459,79358808,257099,155998308,6813
2019-02-17T12:30:26.123Z,50,25,0,237933247,1453383,79659154,257099,156556798,6813
2019-02-17T12:35:26.003Z,50,25,0,281760902,1513573,121700717,257098,158282701,6813
2019-02-17T12:40:25.986Z,50,25,0,241502220,1502399,80213002,268984,159511022,6813
2019-02-17T12:45:25.991Z,50,25,0,287147181,1589308,124008607,266159,161276294,6813
2019-02-17T12:50:25.992Z,50,25,0,275205520,1757515,111738175,268126,161434891,6813
2019-02-17T12:55:26.109Z,50,25,0,282723874,1706351,120555351,257101,160198258,6813
2019-02-17T13:00:26.132Z,50,25,0,261138662,1751647,96955484,257103,162167615,6813
2019-02-17T13:05:26.137Z,50,25,0,244168326,1569952,81600081,257101,160734379,6813
2019-02-17T13:10:26.246Z,50,25,0,246980530,1519910,81895534,262609,163295664,6813
2019-02-17T13:15:26.179Z,50,25,0,247228735,1514387,82117947,257093,163332495,6813
2019-02-17T13:20:26.160Z,50,25,0,249857121,1469372,82345662,262603,165772671,6813
2019-02-17T13:25:26.281Z,50,25,0,290269094,1705188,125782311,257091,162517691,6813
2019-02-17T13:30:26.171Z,50,25,0,251082315,1590307,82915176,263455,166306564,6813
2019-02-17T13:35:26.177Z,50,25,0,253131213,1518259,83214800,268116,168123225,6813
2019-02-17T13:40:26.165Z,50,25,0,255658072,1533293,83443652,274952,170399362,6813
2019-02-17T13:45:26.100Z,50,25,0,250175521,1489303,83743118,257106,164679181,6813
2019-02-17T13:50:26.076Z,50,25,0,258860181,1534467,84062348,257106,172999447,6813
2019-02-17T13:55:26.202Z,50,25,0,292585785,1597793,116745149,257105,173978925,6813
2019-02-17T14:00:26.079Z,50,25,0,271215324,1505701,100837848,263005,168601957,6813
2019-02-17T14:05:26.198Z,50,25,0,259345966,1508882,84867927,257099,172705245,6813
2019-02-17T14:10:26.129Z,50,25,0,287861040,1715177,113401089,257099,172480862,6813
2019-02-17T14:15:26.318Z,50,25,0,270700857,1627394,100920244,257095,167889311,6813
2019-02-17T14:20:26.303Z,50,25,0,255885733,1573126,85674175,257100,168374519,6813
2019-02-17T14:25:26.315Z,50,25,0,260890381,1570594,85962195,257102,173093677,6813
2019-02-17T14:30:26.310Z,50,25,0,270237068,1716680,98853184,257103,169403288,6813
2019-02-17T14:35:26.467Z,50,25,0,265722472,1518731,86448277,263079,177485572,6813
2019-02-17T14:40:26.406Z,50,25,0,267577874,1485635,86760725,263468,179061233,6813
2019-02-17T14:45:26.308Z,50,25,0,263278009,1560562,87031644,263469,174415521,6813
2019-02-17T14:50:26.386Z,50,25,0,266524182,1501298,87251403,263083,177501585,6813
2019-02-17T14:55:26.274Z,50,25,0,267168625,1495509,87609408,257103,177799792,6813
2019-02-17T15:00:26.365Z,50,25,0,269825372,1480296,87794735,266880,180276648,6813
2019-02-17T15:05:26.162Z,50,25,0,311939065,1548980,121708922,269357,188404993,6813
2019-02-17T15:10:26.234Z,50,25,0,270017068,1592174,88368175,268121,179781785,6813
2019-02-17T15:15:26.301Z,50,25,0,278069423,1493483,88577700,257094,187734333,6813
2019-02-17T15:20:26.176Z,50,25,0,314158524,1590136,137576440,257097,174728038,6813
2019-02-17T15:25:26.182Z,50,25,0,277344309,1554535,89217603,269440,186295918,6813
2019-02-17T15:30:26.250Z,50,25,0,319613323,1704721,123903545,268679,193729565,6813
2019-02-17T15:35:26.500Z,50,25,0,297904627,1496609,114902761,265416,181233028,6813
2019-02-17T15:40:26.266Z,50,25,0,283543359,1598983,89922199,257101,191758263,6813
2019-02-17T15:45:26.286Z,50,25,0,274794205,1676896,90327609,257109,182525778,6813
2019-02-17T15:50:26.313Z,50,25,0,280578552,1557673,90471768,257108,188285190,6813
2019-02-17T15:55:26.375Z,50,25,0,291845627,1525223,90761268,257099,199295224,6813
2019-02-17T16:00:26.369Z,50,25,0,299753056,1508981,118984659,268586,178984017,6813
2019-02-17T16:05:26.272Z,50,25,0,278345862,1598150,91321460,257103,185162336,6813
2019-02-17T16:10:26.738Z,50,25,0,306888493,1599406,125000936,269833,180011505,6813
2019-02-17T16:15:26.418Z,50,25,0,274202089,1490402,91856674,257104,180591096,6813
2019-02-17T16:20:26.212Z,50,25,0,300942492,1498084,92169880,257103,207010612,6813
2019-02-17T16:25:26.366Z,50,25,0,309931092,1726511,106229708,268962,201699098,6813
2019-02-17T16:30:26.219Z,50,25,0,296956307,1522982,96762272,257100,198407140,6813
2019-02-17T16:35:26.232Z,50,25,0,289744024,1535615,92904066,257099,195040431,6813
2019-02-17T16:40:26.220Z,50,25,0,304531427,1501504,109064767,250737,193707606,6813
2019-02-17T16:45:26.615Z,50,25,0,299228154,1505853,93487347,269166,203958975,6813
2019-02-17T16:50:26.612Z,50,25,0,345595340,1597840,159466345,257098,184267244,6813
2019-02-17T16:55:26.360Z,50,25,0,301537779,1547086,93981578,257096,205745206,6813
2019-02-17T17:00:26.585Z,50,25,0,294289717,1690410,94216019,257094,198119381,6813
2019-02-17T17:05:26.582Z,50,25,0,298203797,1561223,94544840,257100,201833821,6813
2019-02-17T17:10:26.500Z,50,25,0,308095067,1479790,94848545,257102,211502817,6813
2019-02-17T17:15:26.681Z,50,25,0,341835038,1532638,146017970,257100,194020517,6813
2019-02-17T17:20:26.468Z,50,25,0,304854911,1483136,95321374,257103,207786485,6813
2019-02-17T17:25:26.269Z,50,25,0,301695823,1522071,95630149,263471,204273319,6813
2019-02-17T17:30:26.242Z,50,25,0,302825377,1527790,95875113,257103,205158558,6813
2019-02-17T17:35:26.290Z,50,25,0,314227609,1518865,96174937,263633,216263361,6813
2019-02-17T17:40:26.237Z,50,25,0,313962887,1526463,96474441,257099,215698071,6813
2019-02-17T17:45:26.343Z,50,25,0,296364820,1553016,96750781,257098,197797112,6813
2019-02-17T17:50:26.791Z,50,25,0,388760154,1657123,185941572,257100,200897546,6813
2019-02-17T17:55:26.457Z,50,25,0,311814033,1536390,97203602,250870,212816358,6813
2019-02-17T18:00:26.370Z,50,25,0,291044990,1481716,97588105,257098,191711258,6813
2019-02-17T18:05:26.486Z,50,25,0,307969816,1523743,98043726,257102,208138432,6813
2019-02-17T18:10:26.394Z,50,25,0,317499015,1551412,98406250,257101,217277439,6813
2019-02-17T18:15:26.403Z,50,25,0,299636371,1525562,98746214,257093,199100689,6813
2019-02-17T18:20:26.565Z,50,25,0,323454261,1491833,99434971,257098,222263546,6813
2019-02-17T18:25:26.427Z,50,25,0,299402102,1569470,99359888,257103,198208828,6813
2019-02-17T18:30:26.269Z,50,25,0,296041573,1500442,99633440,257101,194643777,6813
2019-02-17T18:35:26.296Z,50,25,0,296920474,1569348,99957133,257104,195130076,6813
2019-02-17T18:40:26.276Z,50,25,0,297914529,1504450,100407670,269833,195725763,6813
2019-02-17T18:45:26.380Z,50,25,0,298564186,1501378,100565667,263461,196226867,6813
2019-02-17T18:50:26.276Z,50,25,0,299770061,1543013,100807379,268591,197144265,6813
2019-02-17T18:55:26.276Z,50,25,0,300269344,1517046,101115033,257101,197373351,6813
2019-02-17T19:00:26.272Z,50,25,0,303362067,1857871,102967209,257100,198273074,6813
2019-02-17T19:05:26.277Z,50,25,0,303661938,1519896,103470603,257098,198407528,6813
2019-02-17T19:10:26.299Z,50,25,0,303971303,1569003,101966224,257101,200172162,6813
2019-02-17T19:15:26.278Z,50,25,0,304729129,1484545,102344119,257088,200636564,6813
2019-02-17T19:20:26.346Z,50,25,0,306866584,1545207,102536817,262610,202515137,6813
2019-02-17T19:25:26.470Z,50,25,0,310748743,1481897,102893326,264574,206102133,6813
2019-02-17T19:30:26.361Z,50,25,0,306180932,1559504,103155988,257101,201201526,6813
2019-02-17T19:35:26.373Z,50,25,0,310157952,1520238,103526328,257104,204847469,6813
2019-02-17T19:40:26.365Z,50,25,0,311073660,1436276,103756345,257098,205617128,6813
2019-02-17T19:45:26.374Z,50,25,0,308786941,1588815,104116868,257100,202817345,6813
2019-02-17T19:50:26.407Z,50,25,0,316615907,1489297,105763777,263605,209092415,6813
2019-02-17T19:55:26.396Z,50,25,0,314464371,1634814,104602722,257098,207962924,6813
2019-02-17T20:00:26.399Z,50,25,0,313314917,1546111,104973668,257102,206531223,6813
2019-02-17T20:05:26.409Z,50,25,0,312064057,1516511,105268189,257101,205015443,6813
2019-02-17T20:10:26.502Z,50,25,0,317700894,1616883,105513755,262609,210300834,6813
2019-02-17T20:15:26.431Z,50,25,0,318182970,1508132,109099195,257099,207311731,6813
2019-02-17T20:20:26.473Z,50,25,0,321984821,1547586,106099513,262611,214068298,6813
2019-02-17T20:25:26.530Z,50,25,0,319843673,1575524,106294727,268130,211698479,6813
2019-02-17T20:30:26.491Z,50,25,0,320893760,1465268,106668298,262611,212490770,6813
2019-02-17T20:35:26.407Z,50,25,0,319742907,1472173,106950660,257099,211056162,6813
2019-02-17T20:40:26.326Z,50,25,0,320634574,1550368,107177093,264589,211635711,6813
2019-02-17T20:45:26.318Z,50,25,0,321698011,1698924,107468462,257103,212266709,6813
2019-02-17T20:50:26.338Z,50,25,0,331634131,1586028,114018233,257098,215765959,6813
2019-02-17T20:55:26.331Z,50,25,0,326639625,1551824,110323628,266059,214491301,6813
2019-02-17T21:00:26.335Z,50,25,0,325482846,1587189,108776648,257100,214855096,6813
2019-02-17T21:05:26.442Z,50,25,0,325549291,1488300,108958947,257104,214838127,6813
2019-02-17T21:10:26.575Z,50,25,0,332626639,1505849,109305687,257195,221551095,6813
2019-02-17T21:15:26.475Z,50,25,0,323841976,1483558,109624566,257096,212469943,6813
2019-02-17T21:20:26.538Z,50,25,0,333074285,1482365,110711562,257096,220616449,6813
2019-02-17T21:25:26.452Z,50,25,0,333535512,1571449,110253740,257099,221446411,6813
2019-02-17T21:30:26.482Z,50,25,0,334271833,1491338,110494805,257105,222021772,6813
2019-02-17T21:35:26.580Z,50,25,0,327199106,1468530,110853873,257100,214612790,6813
2019-02-17T21:40:26.548Z,50,25,0,328034734,1532689,111049771,257103,215188358,6813
2019-02-17T21:45:26.602Z,50,25,0,329558229,1506614,112116529,257101,215671172,6813
2019-02-17T21:50:26.654Z,50,25,0,329713375,1523770,111663292,257097,216262403,6813
2019-02-17T21:55:26.666Z,50,25,0,330562720,1507380,111974866,257104,216816557,6813
2019-02-17T22:00:26.701Z,50,25,0,331361045,1509831,112261130,257097,217326174,6813
2019-02-17T22:05:26.790Z,50,25,0,333717853,1472255,112563588,257103,219418094,6813
2019-02-17T22:10:26.845Z,50,25,0,339013428,1525782,115918762,268586,221293485,6813
2019-02-17T22:15:26.769Z,50,25,0,335607931,1552643,113118671,263084,220666720,6813
2019-02-17T22:20:26.643Z,50,25,0,334246007,1501478,113292856,257102,219187758,6813
2019-02-17T22:25:26.639Z,50,25,0,325403196,772130,109959865,129926,214534462,6813
2019-02-17T22:30:26.647Z,50,25,0,328728761,951827,113105733,129926,214534462,6813
2019-02-17T22:35:26.657Z,50,25,0,327484036,782107,112030728,129926,214534462,6813
2019-02-17T22:40:26.632Z,50,25,0,325398956,782363,109945392,129926,214534462,6813
2019-02-17T22:45:26.629Z,50,25,0,325398956,782363,109945392,129926,214534462,6813
2019-02-17T22:50:26.757Z,50,25,0,325398956,782363,109945392,129926,214534462,6813
2019-02-17T22:55:26.677Z,50,25,0,325398956,782363,109945392,129926,214534462,6813
2019-02-17T23:00:26.637Z,50,25,0,326663949,936718,111056030,129926,214534462,6813
2019-02-17T23:05:26.649Z,50,25,0,328975310,977702,113326407,129926,214534462,6813
2019-02-17T23:10:26.680Z,50,25,0,329918461,1019736,114227524,129926,214534462,6813
2019-02-17T23:15:26.682Z,50,25,0,329056821,1132954,113252666,129926,214534462,6813
2019-02-17T23:20:26.646Z,50,25,0,329204175,1161991,113370983,129926,214534462,6813
2019-02-17T23:25:26.722Z,50,25,0,328425917,1410732,112343984,129926,214534462,6813
2019-02-17T23:30:26.617Z,50,25,0,330270674,1129757,114469716,129926,214534462,6813
2019-02-17T23:35:26.644Z,50,25,0,329848281,787812,114389268,129926,214534462,6813
2019-02-17T23:40:26.608Z,50,25,0,328879916,852033,113356682,129926,214534462,6813
2019-02-17T23:45:26.617Z,50,25,0,327922188,991589,112259398,129926,214534462,6813
2019-02-17T23:50:26.641Z,50,25,0,330217607,1054079,114492327,129926,214534462,6813
2019-02-17T23:55:26.644Z,50,25,0,327774542,901199,112202142,129926,214534462,6813
